10000
30832
6069
17733
744
32186
7686
18190
14753
13973
10402
8945
24852
1062
5230
337
747
259
10999
31123
15552
26855
15194
22393
16424
10411
14946
19115
5104
10865
11761
13463
31398
12835
26529
2171
8795
24092
21162
29120
424
8228
22791
13450
1519
17058
9172
31885
30435
19981
15099
3618
13131
25252
18447
3482
11011
23135
120
20690
14915
18213
31441
28423
18979
8511
29582
748
23135
14861
17634
21242
22616
18167
5600
21512
26460
6311
1248
14875
32295
21109
20772
2943
32170
13859
18363
27159
9483
22475
30630
1777
1772
19989
28986
29725
25584
12973
5317
18624
3707
1781
13428
19300
15290
20727
3444
5778
26084
1181
23640
27555
9151
3364
4283
10195
6501
2766
25638
3991
26184
6359
22580
25649
13428
12203
24563
30593
19732
30550
14478
12830
22072
7740
13609
16293
7637
2058
525
21841
5645
26860
8965
18124
26289
8449
12551
23877
14341
27660
6935
9411
6851
14700
28265
9145
12642
16462
27078
12506
32407
9249
24624
23342
32029
15690
11977
6246
25778
23065
18929
11629
16482
3068
9647
1343
14855
21747
32082
27134
16145
18756
15960
21571
25219
31088
6798
17586
8254
14437
1401
23505
25986
4597
8437
9242
690
1415
23836
16974
27223
22797
20329
13
24936
6198
1309
25764
1225
5092
21730
20518
18449
30176
29615
19646
20880
15565
20715
2627
22417
13402
32213
14349
25308
15804
9251
12551
6783
31836
20457
11782
31950
15052
4285
29273
10665
7168
13849
9890
8701
27835
11009
21988
8333
10567
13541
16604
28659
2921
6600
31637
25057
13460
29090
2359
19373
18525
9987
27167
11277
2863
27386
20533
24095
22848
8245
28026
32172
2499
361
4321
24749
4704
1781
1376
18958
32481
20418
26438
14771
4398
4461
25551
32185
7547
21416
5878
26878
30400
31453
31626
21219
32617
26133
8580
17488
12879
9241
7832
30201
14312
982
27914
992
23482
1030
11459
31259
30230
26125
31396
7896
7682
26657
21018
7582
14199
27310
11507
30678
12749
1273
21872
24201
2675
19715
7835
22891
26595
22192
30426
24345
24789
11816
2245
17055
17331
20862
24117
6717
29262
28048
14749
875
9679
25134
6558
26650
12016
20862
6869
10557
1644
16030
11256
21128
16819
32652
18465
15223
16355
1603
11113
14739
8948
17703
13753
18417
26930
12963
28637
18427
15089
12305
26330
16242
16508
22490
20866
14260
5198
30430
13381
8763
9605
13590
30538
26215
7827
12663
8895
31869
9271
5402
13677
14831
172
24987
18831
13022
3872
32447
31716
21725
31591
19289
18691
7928
10737
13678
21743
6901
23545
7575
20715
31705
25600
2471
29583
1454
32378
27278
14108
8836
8903
31101
21005
18614
24676
28747
7662
5742
7267
8472
24689
18027
17176
12592
10943
25090
16918
31537
17164
21603
24154
23665
19566
17182
15045
29082
8431
20454
8912
1687
4577
10132
28027
15796
625
623
3206
12800
4223
31146
7140
6390
16301
22062
1389
10077
23222
15514
3283
15725
32514
23176
22487
7731
1655
30995
18108
13879
17297
6294
12540
13659
17333
31157
23099
6
3010
14242
13177
15234
746
22425
15499
31139
32704
29101
6604
18346
11153
22215
12816
9320
12280
22508
26841
8615
25261
4798
18638
13509
25502
26438
12904
31394
24897
31472
25327
29373
30504
27863
26533
30105
23254
8003
20801
27238
19153
14960
15262
32733
29688
19602
32181
27756
16663
11029
5577
31123
18617
31017
9697
24206
19773
30590
5243
11828
812
332
9599
23583
4554
23191
8050
7437
491
13233
20716
9862
3848
1536
2636
4543
3730
11777
24490
26047
24966
26253
18189
3264
9282
2396
26334
14552
4247
14535
10397
31704
17951
22226
25555
5749
27857
28009
13640
17061
26066
27626
22133
32076
32398
24036
2364
4888
23048
32543
27607
29865
1134
20700
18703
5622
25841
5213
14510
23788
468
20136
9270
25432
19138
14729
979
4102
23908
17878
26511
19242
30771
4854
8389
20992
3979
32676
8152
28080
14593
14321
23076
4468
24823
25736
19509
9212
32366
24374
27703
30738
14619
4266
8366
14458
13756
23417
3944
19228
31916
14437
22703
28517
11957
26590
4803
7146
31782
23753
6535
24398
4646
17537
1658
18534
29256
20507
25833
6556
26720
8943
30307
19345
4756
2643
7022
8967
12214
25258
13432
24061
10193
19870
3856
15387
769
7593
13142
26193
17032
6874
9648
31164
20511
1238
28863
14793
30602
30237
2962
11676
7791
3214
28697
11443
11880
31534
30172
7878
25943
26917
17644
29426
32762
16905
29978
4631
29375
23391
11624
20607
9433
4959
22461
8896
24979
19704
15581
6627
29668
27924
7319
27333
8260
15645
5697
1214
28863
22208
30049
31617
1864
31985
13997
18499
27215
1583
22838
9760
32662
15369
20448
3514
10560
21473
10005
5155
14635
25840
12986
12541
11903
32650
22626
12255
29063
18851
18882
20731
448
17555
17254
23806
18992
8214
9122
12344
4089
16023
28106
253
12078
20142
3493
25931
6629
7655
28448
23468
19854
2245
15936
23390
12931
11270
25434
12210
6624
15145
3974
8882
19860
8238
27985
15110
26296
18589
18866
4377
24096
17353
18752
32631
2864
5718
32161
12922
1265
26361
28486
23333
6500
26751
28501
2384
20247
9489
17895
28933
9461
3766
4212
7979
1122
31001
25739
24929
6536
24717
2759
25901
1515
8782
26110
21078
8516
2569
23227
25742
15500
22687
19183
18516
6999
10279
31203
16153
5987
20786
27761
20130
8817
13650
6516
32685
6739
4829
32381
28631
9031
17902
27848
15037
31875
6829
8814
32354
785
5328
987
32465
22237
20578
2435
11523
22029
24515
13777
5378
25232
19185
10080
30543
9722
5125
7022
4481
18319
25857
29838
23088
18589
19144
6556
13329
31504
8558
16630
23650
17984
5554
31721
6281
11789
24521
5738
26360
20526
7006
7943
14163
19398
24790
11037
28117
18232
984
11082
13808
2109
6925
25637
26675
21044
13604
24365
1905
32441
24346
26624
6432
1144
24504
27086
23807
24643
19549
16652
10236
5219
23293
21869
26196
12844
5482
4110
2300
8661
20946
496
25152
7302
5257
20140
13738
3249
16137
12130
32549
18598
12344
8691
13666
23394
14825
6256
2939
20392
4004
15570
30166
12628
4778
7403
30285
14571
7988
21148
29579
21878
16124
31817
8121
2193
25854
6538
12891
18623
5760
8227
31092
24064
9552
23863
1521
27814
24397
30392
30532
8804
22312
8482
10832
14760
10860
23913
20357
18218
26812
21295
11340
1477
92
6971
2981
5255
21492
3623
8718
23300
23952
27480
26792
2031
746
27700
13205
24043
32492
6030
1956
17054
1137
26981
29488
17415
32332
8911
28229
2066
4235
22064
1541
23146
16125
943
22346
19599
23793
23019
7309
7208
10817
28393
21255
21402
16783
1362
15125
22745
15311
12763
14305
24191
11525
29956
21055
27419
24144
7429
25301
27339
26920
1029
10111
32525
6116
32398
18418
210
12159
3646
3487
26836
1691
11455
21210
4650
3526
17145
27963
2841
11517
8325
5956
26670
6766
1893
7493
19849
3714
8179
20861
8828
31003
26904
2946
9045
7195
30910
14051
17783
12069
8328
13579
8624
28839
19136
5736
22726
18456
9105
28365
9811
23934
25206
18709
5587
18996
18418
32266
3580
18154
9090
29317
9806
31469
30160
214
31466
20649
809
4453
29351
29548
27185
9882
11107
23148
4821
24571
151
1292
2434
14484
24622
19547
6804
1180
24984
28125
16914
29269
21274
13199
17304
4660
12648
23845
32404
10818
15733
11926
21173
22722
9354
18394
10401
18964
28310
10738
29415
1497
9925
3370
15156
5976
29267
27803
4041
5409
2467
27379
25900
19439
18315
29817
16414
4307
17138
16971
15310
32399
9886
8938
16460
8768
15175
11257
32064
23361
22512
14658
31964
29259
11383
23802
25359
11233
6762
9542
11516
23019
4124
23294
1194
12449
6648
7600
31997
25258
7702
232
18917
18565
30220
3758
18645
5929
23303
21329
28023
27112
22554
22115
26270
9113
14037
9477
3964
27382
6682
20837
277
17987
15148
2948
22515
6705
32009
14141
539
4097
18938
9091
10561
9964
28520
18154
3384
29891
27633
9576
25260
22995
25531
17245
2579
11275
12040
18898
13025
7521
14091
16382
16123
24945
5371
32271
31343
22119
10085
15655
31586
13600
4550
26788
15946
3212
23129
5284
21085
3159
6702
15816
10824
25288
29564
13881
25893
12777
16952
25577
9127
24552
15078
13340
15768
18109
27568
26662
27526
1805
21429
8054
14521
590
1187
17107
20840
16429
648
13542
300
17196
21989
27641
30132
4240
1029
22782
6587
28538
24972
16339
7223
9044
29523
25796
30675
9582
20851
13138
3744
8681
16544
16946
11783
15317
30137
22681
3843
23702
14236
22711
9869
4748
21311
13185
23127
17139
5629
18868
28092
13063
16941
24087
15095
11372
12793
32000
3220
16590
7278
32025
11045
28869
12495
32100
29494
14843
31791
1149
1923
20624
19774
9504
29544
1981
2660
19434
20888
11704
11788
6756
19218
24280
23875
29501
593
5114
19585
7127
16067
28707
26310
5894
27773
4455
27369
7444
17453
26889
29485
21768
12112
24291
6934
13095
15525
17416
14203
8380
14561
22697
21723
20757
16292
26933
28661
26574
22700
18116
7314
21586
30025
7862
3750
1694
25104
30103
14743
24904
212
18758
31197
3264
24274
7767
31947
4055
31532
31925
23212
20861
20889
8076
5906
26575
32090
23654
31595
22609
2160
1428
32725
11639
15116
19407
13876
1387
32583
25375
27521
32266
11539
28412
29541
8751
21105
31155
20998
15413
19429
31500
14369
12727
16679
12842
1369
19610
23068
22194
17614
5454
16388
25904
22514
8784
16117
2742
17304
244
7048
29638
21326
7009
28882
625
1773
16349
10902
12225
32366
11595
28600
7253
22527
18673
4341
5195
13398
24959
20434
2659
21830
9037
4562
20064
2704
8677
21484
690
24827
6849
29244
5459
18343
21846
6137
16367
8094
17489
27559
21319
27052
19488
19342
20951
1649
21172
11882
7606
15540
31877
31844
15807
31226
15063
29761
32238
343
3900
28890
28428
31877
10331
8908
2447
9011
15343
4720
30652
27807
16915
32270
19214
32615
30140
26701
8411
21405
16007
27374
31285
15129
26549
8634
19215
17427
18547
16825
1184
10737
16735
12453
7949
18525
13129
12446
26178
17563
21302
29727
3616
24857
32683
11825
20958
12104
31528
29407
8873
5035
12274
31721
10638
20526
24853
9661
8346
2232
27818
14498
18240
30211
854
21047
30202
15020
30995
796
5427
3718
4915
29935
31589
13364
30626
11386
30335
27895
8555
15402
1161
24260
32381
31427
32650
8346
6832
4691
16554
24850
31747
31589
32404
23352
5159
14454
27422
3481
27458
26029
21548
26525
26605
28870
19409
24855
22654
3408
7096
12315
8589
14616
1987
4368
13745
25829
9201
21765
14987
5477
16773
10825
32518
4200
14181
21301
9948
27212
2496
16205
12125
1976
13555
14984
12652
26510
8110
9963
1226
18714
30802
29788
10391
656
414
19126
5397
7093
4747
6681
23216
220
19828
1412
12859
25108
21114
23461
25213
4768
28967
4591
7916
31911
7506
30190
17336
32045
11074
2263
4875
15426
5910
14692
22416
21881
23395
28638
4146
25756
6944
8315
2342
19102
8895
22507
1579
16081
1181
30254
25104
89
21660
2984
18295
15329
18190
3191
26330
31117
14038
19972
19915
10031
22217
728
17280
4797
4699
10418
20110
26883
24951
7382
18421
3221
5038
19111
8029
22792
22164
10360
13471
9825
31591
30368
27271
8398
16370
29900
22233
18580
7857
410
13201
11849
27190
22627
30063
16195
14283
24919
11187
13904
23897
18384
3366
1191
1673
19168
22105
18207
9512
31788
23857
7071
16592
24830
32163
27350
27077
10645
17341
31276
21277
29376
30438
23032
22564
17835
27238
1011
28926
18936
14121
15853
23182
24081
17087
5310
30103
2493
14248
896
8481
32498
21199
6907
5151
7403
10836
15713
31310
10617
20878
16956
22624
13470
32337
5796
31578
23128
4972
11701
30523
22203
13430
21824
30942
8258
18123
17089
28449
31847
977
27793
20295
17009
128
861
30875
16526
20001
8151
31574
30497
6229
30891
18115
7773
25690
13493
673
10771
21898
11633
6089
16328
6948
13747
11281
21259
27471
14488
5487
23558
12124
17596
2146
23634
17740
22445
1421
9744
31378
32160
19109
6453
9242
6499
19086
19237
30601
26771
28865
19588
2503
6159
13297
328
5819
31916
15342
16147
30293
17451
7881
9665
25298
12904
31033
26172
29755
16083
26173
27544
29999
9764
6659
6748
29923
17483
9225
6685
14951
19110
7298
23890
32043
9847
16635
23395
1729
11157
17470
12547
8676
22370
21879
6848
31418
16380
8853
32216
21590
952
23027
29519
14209
19660
28472
2366
32442
15691
10108
11886
25467
22359
12460
31781
28862
13714
18479
21056
32448
10197
13513
31106
7173
2085
6080
16428
1948
23522
22846
17614
8356
5442
13303
25436
28431
2302
9227
30852
10662
27723
15662
28479
23885
28428
11270
19623
6537
17990
26324
11784
17983
15060
20823
27961
1727
4188
22510
24365
19968
22657
17916
24773
2093
1626
23440
9704
32097
22051
26182
32470
20912
23859
24936
1977
18022
22062
24921
30334
8339
32124
20020
31458
22727
4602
12720
25808
30746
19951
7239
1258
18031
27713
26007
31590
11770
3561
19464
26907
30720
5028
14255
14043
18142
16363
9330
26372
29005
13606
30573
9554
8932
9245
17301
2295
26079
16047
16795
15598
31262
17094
32532
652
7537
12682
2262
16984
10514
1749
5285
7964
10355
1255
28175
16188
19770
26716
10900
16455
25738
6235
26890
2252
12677
9999
8256
27759
20751
13915
16610
22075
2772
5321
11932
27962
13196
9924
21634
26435
1150
28680
22704
32276
3138
20822
13101
15009
7372
20076
11286
2731
23206
28724
1272
21651
20861
5948
20861
32113
12767
21094
17227
5473
7235
3553
27945
7709
7498
11863
16739
8145
16196
27752
20336
42
21750
1112
1235
20400
24987
3588
30015
343
16936
4379
28158
16464
31700
10634
22676
22565
21464
20536
12447
25349
5235
7156
4353
12893
9010
3756
7233
9640
19566
17119
17455
25479
26646
3412
13511
10516
15279
26381
26200
9075
15768
13175
6886
1963
7571
14051
19148
23732
13953
20793
17573
11218
19821
20715
1133
2849
16844
29225
1508
13936
4867
24148
5683
10834
24362
16308
26834
30067
16144
15725
29609
13353
9087
29615
22134
27211
6081
15406
20846
12102
3426
23250
3879
24685
5432
25263
17845
19857
10657
26423
29460
5074
28172
19886
14534
6836
1979
21215
6844
26486
29639
6414
9594
15007
32356
21037
16247
11225
16230
23123
10690
14338
16388
22121
29675
30081
11740
11047
26401
25302
16184
24639
11416
885
11408
17367
13102
16085
25424
25149
6221
13764
21978
9686
6163
509
3279
13144
18608
5116
23947
22073
9488
8977
27118
4456
10939
25524
19810
10298
3833
30744
6937
13223
20281
20227
4503
6070
8371
25820
10097
27958
845
6918
21844
13231
31675
6508
16712
24472
14571
28253
12086
6346
10400
24731
23208
15669
16221
10158
7633
31698
30596
32382
2509
7128
19391
17441
21546
17459
12447
7922
15782
22322
20867
21987
22074
13952
5308
21524
16984
853
10990
2724
25970
12013
11705
9415
5563
28474
4505
16920
15665
27606
28427
11057
3035
14139
26354
13433
8015
26678
9784
17214
17272
26521
19640
10500
12438
17969
15196
18716
27270
12023
3458
15480
9540
18826
16805
26557
21166
8413
21817
14234
15755
25133
22486
30553
21963
2103
14745
30131
4624
18087
22728
27625
2670
18899
4788
23312
12399
7849
23524
21420
18523
22246
9071
23425
1974
15754
1450
26022
32009
12168
4611
4315
9446
27841
10285
8220
20518
30003
12414
24951
16245
18030
13205
30490
6161
3400
5439
14000
5582
8146
30364
4846
7774
21387
893
17256
6607
979
12049
7850
13397
23714
9153
23172
27978
15737
27224
9893
6003
18585
3175
21867
11909
29300
13800
1786
9703
9569
6689
2700
5306
19859
8139
27144
25367
24908
6260
21461
23703
14670
1826
22256
19481
19859
14905
9532
1215
10813
15518
20506
31802
12496
25117
13114
23112
31135
29448
433
8570
27012
15137
10571
21819
20436
32698
34
16654
8338
8475
28783
17687
7907
27428
5793
19421
3010
22836
1452
19790
11509
20809
9636
772
16448
6760
24714
12742
11992
4671
4454
11346
5402
26121
27029
29529
29309
21170
16485
5836
5574
12347
223
15446
6523
19553
10724
28458
1177
22649
5244
7422
25481
28319
29802
25687
27985
29199
18180
6152
2312
20179
9281
7157
18316
23711
9748
32541
9591
26873
23032
30424
10574
11420
28876
8028
12796
12319
8418
9606
2431
25554
28243
15832
4066
28393
19861
3262
4715
31196
21583
25621
8981
30733
27755
31213
1088
13484
15725
31886
31912
9943
16388
10170
10132
20742
12255
16178
5456
12199
20418
4732
20444
31493
13273
28130
6118
16494
1612
7358
28150
5781
31251
24821
15337
28981
24588
962
12960
22519
4683
25525
12281
1174
10673
9211
16638
11329
12736
24799
5213
30785
20141
3473
28953
29147
2487
24358
1406
25976
14264
26849
8794
259
11770
19889
13930
12691
14667
11002
7699
1098
2900
8344
6994
3709
4646
6690
2550
8468
28182
15723
9229
19252
31179
8783
27292
28700
6293
14252
1683
29773
16128
31150
13823
17902
27050
23888
6530
17518
30289
5407
30208
19307
4912
4929
16028
25811
14476
27831
31459
26185
24714
479
23878
32202
28995
4157
7630
29072
3354
4474
27915
5942
15694
2989
4942
17950
10955
14042
4120
18704
22854
7096
19921
4899
6280
4024
15805
15329
8202
12866
28717
1702
2243
20290
31986
31049
6462
19171
20503
17918
6127
31386
11984
3195
6087
3943
2221
13914
29446
30040
26899
29375
26705
19534
7405
5434
3588
24067
24735
23535
4041
13644
10811
24820
27242
15004
25592
15098
6627
31178
10976
4400
28092
29972
26056
9828
30613
10595
18565
8043
18435
10193
5981
2244
28058
26728
16060
24440
27211
14892
4904
8516
4849
29788
19831
10234
3366
19702
5952
21541
24411
30841
15247
19180
18216
30446
20445
19257
18912
12841
26943
24090
13161
20813
12765
26215
30538
25998
29350
21413
10246
21563
25922
31786
30889
8699
25160
25218
31904
855
16306
27154
6605
22136
29582
16123
24795
27186
20214
30017
16335
13890
25921
9005
17120
26836
29563
31471
22409
27977
23571
10120
17884
20534
2772
28903
21529
9392
21782
27474
18559
20167
10806
13832
15714
22352
10307
3365
31614
11496
26874
12997
20107
30261
6901
29548
2066
22895
15135
18854
9342
23839
619
25834
18038
17959
23494
6084
31850
5891
30282
28980
1132
5198
18356
1361
578
29320
4888
10545
23481
4374
18387
9741
12092
26250
19650
10145
6308
549
2993
27090
14418
18074
20758
27027
12411
16917
21504
7433
3268
18300
31306
30445
18447
11509
11540
14643
25748
21416
20851
23273
18995
23750
14696
1377
24328
12234
8463
27794
3649
13823
3097
1724
12588
28482
6012
26443
3732
17417
4969
16638
25678
14500
31103
21320
12047
26051
4926
18167
9345
23097
25790
15891
5013
18943
12193
6921
7962
11900
8774
17160
1679
15363
1855
24492
28981
20638
2310
25562
28521
16394
24043
22507
9777
8450
28753
12556
22805
32705
22298
14308
17968
6594
12896
17016
2182
1738
16486
17740
29848
29480
16078
32715
9014
20283
27660
18409
7829
6198
15642
14599
26017
7712
7021
18967
14740
27423
16169
3840
27080
12277
31121
10564
4553
22987
961
11232
32175
13614
9631
30324
10411
16983
18703
19363
2527
7855
19814
9917
9075
10130
12066
5275
2021
14931
22488
5067
18848
13697
10861
16366
2257
8041
8073
19549
4982
5596
1609
4627
19383
27443
15668
13511
18554
5263
30577
9048
25650
19814
25143
30574
11767
5179
16004
30815
28892
25772
17170
17743
17789
21170
23175
27292
25047
27429
4587
26233
7005
32126
19296
24792
20296
13025
2317
6798
9518
5723
25692
22449
24534
29288
1381
18757
12363
10168
11946
14872
16175
24882
12548
747
24658
18746
23517
2514
9347
9263
15776
20702
15782
29752
18542
22520
26887
2625
12051
22032
21486
10304
3640
3448
11892
6333
13785
16266
24724
24465
9978
913
5509
26606
6550
1255
4423
21407
7897
27738
1149
20369
13199
30932
21114
4499
22235
2876
32158
25434
31020
10647
11747
24264
22381
15731
1459
16238
5756
4485
14589
27983
13022
21137
6791
9446
6321
6026
4998
24683
30689
13563
14700
26195
10399
24485
30209
8470
13327
25193
30133
9268
21825
27497
20532
634
1635
13419
7996
22913
28213
2686
30635
13945
16829
30943
30941
14372
28219
6941
26164
4645
8031
23164
32504
21883
30138
6807
2146
8777
371
6474
15859
9944
21819
1487
7178
4062
17794
4903
14518
19969
10219
2492
7881
21655
9982
7236
24366
13744
32286
1000
19580
16214
12730
10150
5322
32275
6087
21236
11718
18612
17517
16294
18177
14669
12032
30481
13965
14205
9011
20081
5066
30707
21128
648
29821
5425
6667
13960
34
9616
20544
23091
19844
29317
12122
15169
16010
13602
12205
17922
20052
31712
26214
14660
1414
7579
15482
20855
2276
24030
4572
12047
30240
9825
8435
31786
751
31184
13899
5491
4706
974
4235
14918
13428
27194
31911
2069
17376
17329
598
17674
5685
22356
13511
15853
29227
2507
31631
15177
16440
7050
26599
20938
10591
7250
27156
4586
6217
14331
31526
23244
20630
16498
3813
21608
4213
6398
25097
21737
28786
26311
30889
13651
30096
10904
24822
22889
2456
10212
3625
28366
19888
15623
24506
10090
31535
4303
10451
29455
18096
14651
19460
31837
31078
16258
16184
27875
13487
9559
3048
15494
5099
20332
8078
4135
8334
31029
93
27520
19572
5614
14895
14927
26229
17119
6079
29879
15674
11999
31768
25315
25678
6935
28749
17388
20344
22792
14699
23549
14409
27088
2732
11701
497
8872
10221
25292
3927
31410
3170
10234
16232
26098
27017
20
942
24985
4700
21113
17701
5514
9931
14508
2891
12055
4969
20290
6519
22795
14694
3583
30315
29934
21181
27452
4652
31108
26286
20107
32274
6807
25199
5790
27419
7670
10783
13925
25220
446
13819
11639
27803
22488
4052
24499
6607
31427
17601
4135
8713
32660
7953
817
3647
2363
15491
3043
8262
24839
21690
2220
27879
30829
17387
4917
23606
14341
11737
26506
1055
16341
19715
18042
4418
31954
16923
22336
12801
14244
30651
19555
14294
170
28244
20442
25322
7486
1127
31348
3044
23098
3831
23159
8191
26554
22078
19847
9056
8740
19103
12746
11686
27750
1500
12874
5314
32639
27785
12955
14857
21313
960
7613
11655
1109
20247
7235
7063
23423
19151
30133
14513
23075
22094
8500
8066
28681
8911
18780
21826
15965
31321
18287
26690
3066
29421
22959
23748
20200
25092
6411
23568
28450
9273
29182
22980
9885
3394
9397
9068
8839
5156
4208
3666
18892
4007
20010
14232
19679
5896
24188
2691
25271
23279
28351
282
22296
2720
31089
21232
19987
6517
17881
1598
24784
30860
2798
5940
30603
6333
14710
10641
1245
18639
12651
30834
1597
17387
26274
30823
28102
1104
14511
24524
22843
11849
515
2391
14920
10076
8791
25837
21514
11717
2126
27322
12754
1059
32341
17536
31526
1392
16078
8495
18697
13622
4975
26295
24701
8192
996
13850
30277
8207
22460
30149
24559
23119
28546
22048
22034
1930
14634
1124
11221
24026
17328
32685
8112
11876
13819
17488
10615
2883
11527
16750
27028
2499
17731
19657
7571
29904
21304
2263
15845
942
3948
28949
10461
26858
14726
158
32511
19856
30386
9980
5242
3230
28487
32574
7155
17081
28584
32074
28292
1567
4200
1397
5381
23261
10673
8785
30346
14146
5606
19654
20524
11411
1927
31333
23053
2048
30293
26104
15766
32727
26551
18014
16643
16632
5725
26518
19490
28809
15651
23065
10839
30186
2360
11373
11748
8427
30591
25335
6247
61
8501
8721
27812
31783
15317
15964
3461
2426
20536
10071
20063
2247
27905
24625
22647
9679
22584
31452
2501
19259
1077
18787
12536
32398
19392
14717
19130
14423
14710
3682
9268
3243
24175
27869
1749
14290
31773
28067
20815
25409
1399
10723
8675
14024
15191
30238
30175
2573
26657
16185
25189
19001
32422
15825
19053
26609
8264
29646
13837
24968
20062
10299
12025
15731
19162
21845
17990
2301
27689
15585
10099
12092
26714
5827
23721
15427
23427
3533
10306
24729
3424
32469
6025
18666
14910
11786
12992
7677
25367
26248
28264
16614
26879
14377
16828
6013
30654
18334
1663
32014
959
25791
1527
11090
24361
23328
22330
12190
10827
12517
29352
16475
9021
18391
7865
1718
6340
5303
6649
12440
1143
24786
9808
24281
4128
18901
22919
17329
2661
29667
22280
1391
3752
8677
22245
14701
25643
10273
7708
2883
22648
27919
19482
25659
6400
27751
8573
9989
20482
28799
9246
21420
2222
30164
17487
10185
7819
27878
26465
3831
15382
20042
31594
30598
11436
13562
30788
24436
1449
29423
29145
11672
27346
21490
8094
11041
29168
687
32094
12607
27070
17419
26937
24352
2053
31927
25324
27678
17158
13573
20563
27191
23064
3835
27436
3261
20882
25255
15389
18254
26091
29873
18169
22791
14880
31543
19519
6133
17750
25812
17379
4300
17345
5634
30033
20188
11972
4259
20656
24640
90
14810
28003
27225
17844
12831
20950
25211
17700
29587
26743
16101
15161
10896
17922
13303
29484
31877
9474
20895
15994
12545
14997
5397
4051
28941
18543
17096
15667
4287
4129
7320
11599
5900
2971
18501
29746
30686
3824
31271
9000
13414
14170
14368
20443
21940
19326
18640
5820
30085
28913
8967
7332
18780
23290
29056
21435
25556
22170
32460
1946
8244
22473
7564
29868
27716
27651
24803
28378
25695
13827
14635
23399
30154
22223
18663
536
31556
26612
1529
31129
2014
27411
31510
13084
21517
21148
15734
26947
254
2010
27344
30272
9769
4656
17285
21819
23849
17314
13596
21235
16331
3734
26862
12713
3173
26844
11042
17466
25705
24557
15836
17547
22841
17008
27826
26921
15165
771
29792
32305
24372
14391
4796
1390
19911
24028
21228
8642
4452
15232
27094
20935
5705
5170
14040
15797
20703
908
15545
7303
7754
11248
9952
29785
4926
6673
11972
14869
11540
437
30116
5198
6429
14266
9848
17772
1590
3415
29735
266
13468
28837
18426
12444
14338
30302
13393
27477
8161
12516
32661
9544
31248
30853
23405
22989
25492
2301
7221
13606
7097
6204
1196
354
19810
19050
31212
23170
669
10025
13216
28123
30330
29722
15473
18619
14622
6306
22209
31311
23059
28398
6556
3268
3298
9780
23019
6573
31716
6716
13291
32165
15701
17440
18654
28469
7850
10320
1281
31992
14884
26072
445
14076
2726
19174
22561
1900
29124
4742
30608
32364
25628
12209
21687
5445
12265
18822
1218
11458
4565
19671
6352
19162
3087
14055
19876
23438
13214
32114
25501
30997
26613
14318
13032
32567
10439
28177
20468
28151
32284
12179
21542
24436
9893
22837
7887
5393
76
11010
8795
24532
24336
5077
4555
26636
17936
22043
613
6199
14053
27098
21929
12066
2869
16371
32648
15698
3205
19108
31953
4515
15951
28496
3564
22831
3669
17795
2506
30321
24372
18225
23836
21419
8508
22078
2499
13444
28031
15171
14984
19190
22312
400
16142
4967
26383
21613
1028
15382
30090
16806
23455
7097
22149
1350
10824
31589
3029
17058
19346
14253
29129
20121
17262
32014
6658
28443
4002
9099
18565
13288
11639
28052
18191
19610
10162
11820
681
32742
16582
6731
10107
10271
3400
18817
12005
22779
4771
10717
5068
4762
15885
27405
8498
9668
18362
9414
3850
11635
22095
15463
24906
16785
30361
19929
15681
18178
15231
7097
10539
229
6709
19129
27139
18199
22195
27715
29592
1529
5222
7264
7907
27508
24357
14041
6808
25914
16486
26524
18939
21582
13490
6752
1525
6598
5462
3468
29799
24784
19036
3157
27070
18931
22713
5159
2248
23447
8392
26951
5318
23496
24823
24246
10690
30519
20673
21848
20258
22913
26588
13909
6270
6836
9651
27840
18607
9744
27926
8823
11048
32266
18480
17482
6026
407
10426
4447
21362
5798
30831
14804
18069
24046
3520
20647
13584
21483
22728
5331
29689
803
23682
21948
19514
11182
18490
30413
32671
1013
17729
22112
9261
30394
19685
7134
18870
601
6816
12583
7594
7501
3728
27444
304
17397
5159
9723
17781
5016
24868
22418
580
5800
8386
24216
15064
9795
24367
4049
17646
1279
18751
18192
9758
5863
5218
32602
23402
23233
8916
13896
16152
2195
14355
7853
189
31077
20886
26233
25499
15431
30652
5085
14124
31894
6915
15792
15871
7548
20858
8978
30403
11958
2169
26191
31650
7834
32399
28422
27600
19800
6588
14218
4963
25984
28128
2440
17765
7620
1908
28138
7207
18432
20088
21500
5081
20855
5548
13261
13144
6239
10755
12249
14151
15009
30293
31204
29537
16858
3924
32553
24077
20645
15297
8116
31283
13596
19680
29965
4943
1180
23337
27670
32708
9417
15168
13878
23922
26066
16167
21943
31882
4599
6067
18797
27809
5704
27196
7065
24580
10415
28313
22540
22860
3888
10571
11664
22322
27760
5625
16003
29348
13684
22045
25797
8984
13484
14332
27861
7456
15920
10715
3126
32574
31049
28016
5912
16634
25395
8087
14644
6195
28449
26694
13816
18611
26498
26307
29668
4614
29827
11796
22324
12171
27605
26040
12223
7883
19888
25236
15903
8202
4888
19504
5138
9500
12639
8739
21536
8826
30443
13772
5246
30357
9529
27715
26931
23402
27682
23695
22905
5719
10845
7706
17510
23085
5958
23394
30923
3974
14813
31984
1117
30553
20754
142
32274
23499
4416
20661
20430
17224
23287
12357
17215
22995
20222
3704
22021
1178
25496
22297
6423
21454
24327
4849
8034
18097
23375
27779
16307
5617
14140
27897
11734
30772
6310
1373
12032
5364
25588
14348
28010
6541
19679
30312
12095
9364
25721
1742
29880
31595
18541
1736
16773
15890
22408
23939
5488
3392
3960
12931
22589
22195
30676
15509
15572
15300
15965
32005
24482
17982
26756
15122
9276
24432
15916
21407
5701
15745
20912
12587
20883
15108
18728
3
13709
19660
19688
29366
26583
2562
16202
10954
27186
31348
8622
6573
18333
7984
19134
28142
7360
26962
20983
24749
32651
4890
21605
30545
2587
3906
30381
3449
3293
654
18513
15156
11253
31652
27696
27508
27617
23838
10828
14016
29017
11742
20176
22058
30842
17313
31314
17025
18212
31703
18261
21447
7841
30387
26898
29925
28807
2174
10104
16286
23263
21808
23665
5314
12166
19009
22119
1188
2772
27325
17415
7117
15740
8599
3396
26610
3507
3647
15775
18724
5013
32630
25510
25415
13508
4194
2491
17349
850
7133
11287
3972
993
31251
20495
19733
7944
15436
8341
7982
16889
23302
13313
858
29281
2631
24338
26863
22928
10289
14639
13376
2778
31191
13811
533
2365
10831
30697
16216
20548
16393
16532
26897
25642
31838
8627
2197
11587
22892
21442
16377
8856
6690
21956
31437
2001
8343
14912
5895
16985
32416
17802
6718
2492
29857
16707
18201
30548
21155
10531
9990
14628
28583
5366
23599
27652
11066
997
20394
24831
11594
27895
4079
20985
22584
14552
29584
18836
8494
2264
21540
16981
17075
28470
30084
16643
32125
31903
27963
28240
23430
18162
7735
29628
10594
19782
7365
8117
6607
23854
3772
5379
18318
23868
23543
2403
2417
8387
17161
22386
19638
10465
9773
26573
27027
30397
9340
13687
9746
21262
21347
29051
23327
11997
11347
2514
28639
395
698
6022
8004
18453
5683
30744
15327
2455
5369
5664
26101
1295
8866
9523
26580
27748
14090
21769
11367
20647
27021
16351
1033
9112
31865
6171
11159
29292
15554
22831
18889
15821
2552
32703
22210
4899
6775
3334
8677
19218
20446
22902
27115
4419
12226
31390
15154
6504
21667
16465
2136
9594
27422
3333
12553
16709
3941
3449
27413
22311
7917
5019
16838
533
21094
6312
8048
16606
13296
10901
5449
28340
17804
18606
21883
9448
27600
29565
4984
27125
28896
29677
16014
20928
13209
7599
19131
29470
22287
4317
31682
22167
1594
16093
26238
17002
8172
13961
7287
2000
24326
31628
13747
13701
21228
27919
11471
21381
15414
32662
16718
3091
8617
20004
21552
26112
12645
18086
29382
29738
16991
30094
966
7747
2578
13503
19099
26324
23154
16809
13566
21121
31778
32437
9930
21646
30950
25571
14348
25762
27227
25265
6490
8651
8422
16704
4711
9923
14058
12466
20180
29554
25662
8918
27976
4019
9694
8967
1218
19291
3552
13905
5166
16248
20394
1750
4151
29910
23651
24176
861
21448
9127
13464
29767
16676
19583
21383
1626
3216
31376
22682
2186
5116
29586
5115
26224
16496
14596
2942
12189
16392
27166
9417
10543
8509
520
15032
7586
13157
17993
8704
24296
20605
31106
24850
11963
29735
9820
8002
306
17391
5823
3880
19858
27858
19269
22598
24935
31233
1774
17388
27092
2274
17173
12633
10024
32344
8098
5411
32433
8516
9090
2009
24277
15948
24916
10214
10590
14555
21605
21176
6166
11624
2527
31010
20372
2300
27197
4863
5205
14830
14082
30233
22031
24049
4267
5193
1345
4434
6370
25823
26383
17274
1268
32067
23373
13498
13445
7389
18650
328
8323
12339
9263
23940
13912
3921
17463
26496
29540
31598
31074
12736
21674
8140
6901
27454
28361
6624
32420
18609
16943
19635
3682
4879
8073
904
28792
32593
12413
10175
30164
13174
30876
3577
17060
7370
25234
7805
25892
31592
11680
23771
20148
18174
20301
4815
25390
20688
7512
8807
4726
18176
21488
17256
12371
32012
19495
12271
32381
7576
30373
1108
7415
10606
28313
22099
21662
26563
14582
18286
28675
11196
987
5773
5750
4912
31314
29928
23907
8880
62
8742
994
25284
27279
5062
3209
25208
1976
11199
10628
17175
3171
16995
12008
12599
14435
1929
32581
28405
18410
32491
9851
21378
1276
7117
5838
25567
3363
16352
15420
26852
8037
8549
23053
9863
1651
23701
26285
6235
29475
13377
22967
22359
23328
17846
8274
3289
12256
13283
11200
5866
471
3518
20020
16836
25579
29667
23012
14994
8999
16766
13920
8054
9907
15468
24610
20688
3076
4253
1638
26558
21328
6845
15164
30175
12357
17939
27099
29277
21242
425
1848
30762
15654
4269
12503
14729
30608
14871
11745
19665
15302
7052
1656
13933
26130
9090
9543
21544
17322
30374
14173
3496
4391
17530
15931
28215
15672
20291
2091
3018
17304
11042
724
24379
13373
30849
7180
29146
15059
7600
9453
1060
14952
17360
27435
4562
20841
6897
31908
22294
22989
10615
18745
15137
14736
10946
5853
17384
5987
16654
31723
30504
18338
32407
21437
19623
1414
2561
24954
5566
19612
25080
5423
32276
26229
1044
10018
2476
159
31487
32099
13346
24277
6105
4003
5425
32115
23259
15689
11897
14381
20283
18883
18047
18687
24144
29466
29942
13159
24055
22218
17469
28627
24117
6352
3112
27477
31262
260
27139
12190
12277
681
31188
18218
1172
25155
13537
12728
30222
28072
6514
31997
404
31322
32728
21913
16533
7700
16558
9290
24873
21923
4191
2912
32176
3575
13289
22641
6070
17274
29408
15949
14875
11169
27317
27444
1648
7360
10040
20295
12707
10274
9308
10045
13279
6745
7482
8023
12206
21971
19545
8854
21601
15278
301
10795
16305
5837
11997
8495
8870
15660
22602
12436
11704
23408
32076
1884
2101
7875
27966
29448
22242
12510
8894
23636
5605
14951
3246
31777
18914
24446
26750
23731
19557
27283
4526
31516
14208
6522
27278
7416
13493
16577
16969
11867
13077
14657
23585
15368
18602
19443
31740
24036
17171
4101
7200
9642
11118
28461
12347
26079
16763
17470
6566
25865
12797
18425
12522
20764
3172
16421
2180
1845
15274
9442
19685
906
1659
12346
26045
3489
23192
3065
15481
29889
26493
4542
19466
28839
19522
20819
24041
31353
23743
20794
6232
12800
16883
15752
16874
8977
31143
30967
24133
32588
31054
17462
2087
8202
30768
28547
11431
25744
9415
19068
3006
16521
18793
17970
8709
3763
9256
32128
24512
31704
30199
6043
20764
7680
3342
14569
7093
3045
20111
30231
30043
2215
873
32102
30742
6081
27772
27205
30567
3388
25087
30501
15057
28194
543
393
16792
13622
13033
5212
29641
20450
31594
27784
25722
26481
30741
11204
2387
19070
28261
11693
2894
2732
17347
13081
5306
8856
23465
22440
16518
14348
8456
1436
3772
20086
16103
23530
588
32152
19533
14992
19467
128
28514
26922
9979
12475
15313
3008
18893
16838
20592
23011
4516
20677
30755
19448
18972
7287
20990
13011
13963
31082
17577
28040
16519
22123
16649
12669
28584
25921
6172
6340
3726
15259
26661
27304
8486
70
25866
21126
4138
30883
32762
30943
11751
2649
12882
12970
30787
1351
28610
15087
15358
18877
940
10897
32056
7915
24012
8812
18740
19865
4638
23455
21851
21273
4092
4651
3972
16506
21639
32190
882
6655
7241
19657
14750
19151
22553
21976
29495
238
26942
29475
26472
1388
26839
15456
26073
25821
32378
4828
632
31753
2587
13258
11897
15588
9519
17627
25243
16320
16146
3855
16046
29889
22694
23498
16978
2449
9022
10282
769
22358
1722
8856
848
27873
21235
9885
3953
2344
8281
10999
17149
6647
9178
21997
7152
4834
31238
11231
16118
12414
11633
3105
20709
31697
31833
28682
2442
8710
8585
8263
25512
29797
9341
21621
3646
9347
29895
28912
777
4278
21682
22245
26186
13516
22308
31407
5065
4861
29897
13408
32026
10525
31853
32413
15647
17943
25258
6064
1230
21398
13508
14552
17716
26629
13009
22499
15034
13498
21789
9983
15784
9326
16588
18126
31719
15857
28609
24248
11
7963
4031
3973
10641
9222
23758
29739
31332
3706
31457
9444
23974
16809
4789
28804
19374
26141
13820
16394
28493
2542
20155
22645
12374
4408
7665
28377
18269
2764
3449
17073
16062
15654
22833
12919
1250
32672
21340
32370
29629
13285
18501
11728
29083
29607
17702
18932
3869
18069
17991
25617
18046
29831
4202
6392
16411
18428
14695
1838
16435
21703
9236
27458
8683
5893
29543
22109
917
32338
14559
13083
2097
14653
25119
3225
21044
21753
10717
19408
7049
1365
4090
24353
3798
10477
7410
48
17920
23970
29815
3062
4593
14665
31577
8466
28569
31392
5289
30816
20018
18054
14878
11213
2761
17771
29623
24426
17658
13573
29346
191
28923
16964
21341
4193
19164
16265
19227
10695
3852
2835
17513
15705
7200
14777
12049
12490
25040
23007
1855
22952
16706
25251
22498
1585
17036
9047
15445
2153
17268
18228
9535
30569
889
16716
25784
6906
12568
13505
17837
13666
23624
11573
12933
8062
29255
15233
12036
27409
9880
19114
10608
32604
27981
16657
26355
25583
27266
16873
3905
11710
31530
8942
7034
17015
15118
27220
11346
26131
11282
26878
2927
18092
25274
17649
23571
31374
23534
2056
16122
9360
24570
1769
28038
12965
5849
13367
4121
27310
12723
13322
21442
14738
19876
17308
797
30865
29631
18757
9844
7381
23123
8361
28458
1354
19308
30512
29274
23216
21661
19638
30395
13807
9213
27780
22983
170
13936
29311
20508
17430
15144
12448
1314
23053
20587
2212
24046
13406
32150
3589
25446
11880
3682
1064
6054
7399
13158
3288
15011
4109
3037
6899
16910
31701
31914
32099
2172
14996
30873
5712
30659
7632
7656
4756
12967
342
19718
13680
438
5255
7322
3197
1904
19955
20167
8165
32683
15657
11182
29394
3638
11980
25909
26663
24765
22250
26631
24431
10220
30090
15837
7698
11223
10628
25851
22735
32666
26006
16637
29030
6204
15283
2259
15509
19162
29342
22027
25670
30209
6584
14670
14855
23131
3863
30766
3514
26254
11223
22559
23694
31329
2741
6850
27694
25889
7385
3946
9784
9027
244
24025
18416
8010
20619
28234
14902
31211
22419
4789
9653
7535
27197
21838
5982
8282
19731
4174
18709
15178
25412
13047
25257
22049
5948
22482
18186
28774
12664
4156
16822
26857
4505
2336
10357
26790
32183
27910
17734
29932
31735
10061
7321
27839
27232
27828
25534
30074
18666
11552
15262
6841
27096
21145
937
9589
31816
29077
22799
28273
9481
20089
5683
12245
6572
23645
26205
6681
29150
6415
16814
12325
8949
27227
25946
11959
22984
24714
7185
772
9924
553
27326
5282
12348
1292
30068
26277
24321
6290
12453
21513
14643
9513
12950
27472
24406
9493
14607
11627
24488
31342
14167
13278
21426
26216
96
544
31774
1496
24894
1600
20168
30451
16349
3278
11032
3160
4596
11257
10382
12625
16437
27125
13214
25429
18887
8864
27839
25810
15349
28772
32191
3370
21032
7263
22873
23035
21010
22977
6409
9636
30765
20598
27935
9989
2148
15110
21267
7814
22287
7097
1560
21594
24101
19710
24051
19461
12973
28941
4110
20763
28278
1228
1736
16715
25096
6639
17168
14237
8922
31844
31794
31992
18886
18158
29168
25063
30137
11024
9429
26012
26287
28716
26822
20022
17631
28140
1498
5695
26674
1505
23404
21369
13306
24682
14702
31450
23265
28888
25599
9685
7967
1231
30016
15579
25329
25327
4452
11042
7494
15540
8455
32677
1723
30619
1473
8044
4809
4487
31994
27917
2365
9314
9472
2419
21481
19719
22614
4574
21658
31072
21328
32555
22346
25035
22492
2646
29846
12739
17315
14909
30834
9148
19537
32422
8475
5198
22064
31876
19021
20630
6396
28534
22711
9178
1779
17553
31148
26731
10795
21087
2843
8144
27688
21031
16321
22048
31662
32367
21405
21680
17620
31424
25764
26606
12122
26793
17335
15501
5948
19974
20946
6115
13191
12419
15750
28559
24428
2651
13481
9310
31123
31846
24140
25712
19890
24914
12525
30870
15453
9776
30958
255
5408
3123
9030
25876
22219
14261
8311
31392
18957
12411
29632
10292
10820
14138
17043
1738
20628
5210
30793
18088
5430
17401
21013
23431
23315
9011
26422
13301
31122
673
369
32760
30894
16927
22975
19188
21323
22995
3395
27854
13258
29803
24190
5714
24283
32421
5830
31954
16530
20501
7156
26896
20414
20771
3678
11615
15222
16979
773
18180
5876
2249
11791
12002
30631
9228
4471
7511
14723
12554
1027
17761
23964
7772
9334
19205
14067
30156
3335
30961
22927
24340
23315
31072
32720
16361
24335
5694
23041
7480
2240
17548
31788
8624
25518
32519
24114
28032
14294
13316
8730
4962
8863
19103
5290
26328
15375
788
7220
32693
7231
13933
2483
5856
21772
14686
23
8277
13328
26221
26076
18028
24785
4949
5345
10846
11063
30125
15480
3589
7748
15045
10681
19171
11007
22225
27165
14950
32689
20297
31816
29546
24404
1167
805
256
3401
16083
12088
30318
8521
564
21040
1143
22430
28199
20668
29660
12691
11293
26272
10530
31273
12640
28936
5526
779
22590
13084
14735
11716
5226
18644
7155
5424
18079
15374
23292
27440
29574
28638
14908
24226
25050
22053
20959
7569
25546
9061
17201
18344
20383
29907
5728
25837
27550
7342
9602
13484
20784
2256
14553
26800
2880
30595
14422
8377
29669
28309
5725
14891
5441
10415
22472
18436
4521
27874
23854
18192
22277
1155
20837
25184
8570
17209
24901
23544
4423
21844
8367
28104
22509
18528
16590
14046
16531
506
31645
2265
6056
6371
22698
10657
13770
17491
12057
23893
12775
21904
2283
19589
32418
28606
19329
6818
30456
29177
18779
16562
7715
18337
8486
72
5822
4853
3574
692
5419
26084
3280
30839
20786
32031
31595
19706
15082
12659
5175
17023
30429
4950
27551
2647
25959
25792
21131
11605
14687
25916
16938
22660
25081
9278
13550
25109
19435
19895
4312
6811
15823
9447
1781
15995
21449
8562
3113
7069
24169
25271
20267
16232
10451
27997
20433
16622
27165
26414
31630
31587
26104
17705
29497
19668
147
8146
24079
11541
18876
8653
28156
12540
17225
17579
30998
19916
26294
20484
19562
28916
11791
20166
7164
16378
9232
28364
13321
5298
16268
32435
20367
2483
3595
32233
14352
11019
29111
29446
4754
7986
30329
31840
32234
23613
607
20185
26170
15700
25921
5884
12729
3174
2980
28745
10930
21531
22750
26316
19152
3595
27771
14069
19352
301
22240
16291
8247
25746
302
23170
15486
6739
19561
3735
19755
5832
11226
20761
17770
18426
16049
18563
26011
4443
11503
17895
8022
12213
19331
26757
31404
6497
19379
8092
24752
11961
31166
32384
28471
20175
20160
5869
14811
9312
22997
19867
7238
16131
17537
23826
429
19622
30288
31424
17818
1851
7097
21065
4591
10927
5192
19230
24104
1820
3069
19537
29664
831
17391
29352
7318
9004
20020
27888
23730
26432
16645
29331
24515
5976
9502
2157
31243
20032
9060
2012
25405
22895
13770
7190
3717
16625
24437
10688
17353
2980
12319
21692
24111
5031
5817
6210
21471
32528
18260
9522
27402
12509
14401
31400
16427
17966
31351
27857
396
29617
28982
3582
1036
22365
11498
11767
5409
4707
27986
25490
11801
16225
3809
21636
27813
6361
26469
12150
29847
25571
21990
3164
7915
29470
2513
9986
6660
21996
17750
10215
24377
2015
7950
28495
8592
13422
1761
5780
6601
25325
4647
7101
21407
7868
21261
27473
24650
28606
16186
15470
4680
14092
27059
29461
9821
17387
5116
31944
32217
13564
23169
23383
19993
31155
52
20983
26960
2058
7542
26772
1160
6775
13883
14696
7907
2587
31593
15565
28199
6460
15234
1871
29817
16885
18051
11782
9065
23852
18700
17699
12335
13765
25280
11464
32052
23573
31727
8221
15573
19866
7795
15008
12643
17641
21975
26556
11886
17895
23231
28830
16195
14908
3459
7236
5811
12805
1054
5590
11286
7369
12103
3386
10640
3759
23261
17891
3987
26094
3464
2025
12709
25732
2974
10079
28772
4651
323
5601
21703
31369
6101
12908
28838
7079
31367
19314
10365
6308
3659
1838
19053
1195
24822
9782
5763
23074
5022
21583
7229
29220
17479
31620
4426
4146
15039
19834
1426
22053
23751
30462
6262
13415
11635
12768
4953
10851
23508
10500
3423
27450
9428
25270
31860
15032
3168
9534
22417
5766
12749
2484
11834
32673
17268
12566
22860
30730
21920
20376
10485
2240
8363
571
13316
25579
27235
8865
11363
30554
7858
3360
23777
815
23423
3349
13365
2265
29647
25467
320
9795
11824
7100
17555
12619
16983
8902
15153
10102
23048
21602
1686
17890
6454
29377
5624
23932
29036
15448
13516
14194
17515
5103
25228
7660
6677
28404
22456
23799
28041
32276
23579
20417
21904
17421
21071
19980
3128
3773
7299
3549
6590
1663
15996
19828
9905
18360
24794
22913
14677
15021
6557
17301
25158
7576
7655
23767
7261
29946
16643
18680
25559
22066
25767
15721
18612
16463
15990
16587
94
30499
5833
32423
14987
5272
25775
863
15716
17480
27443
29796
3303
23879
15325
6314
8586
20035
17019
17753
29217
4048
15904
710
21761
4349
19310
32161
31846
21035
25617
6256
4626
8735
30604
12603
13879
12629
312
28553
26007
28567
16265
11916
2794
26575
28820
22425
16256
3610
14286
16603
32551
13341
4375
25671
21327
6044
29943
722
14700
16200
4647
2018
18588
6617
16467
16643
23178
4957
4126
15836
15250
5328
7271
27745
9766
8684
202
17738
3440
2370
6506
7363
31544
23178
28654
27493
1289
5944
31178
9061
7311
20816
3008
26123
16196
11386
9894
11622
18764
30041
361
15935
28572
17177
29778
30283
9570
22343
10632
19108
28833
12262
14039
2682
29212
32703
1199
14854
9334
248
9840
6592
5783
21992
2020
11730
9554
27690
5133
22988
30788
5616
14626
25753
17919
19866
28116
30898
9064
22408
7125
29841
25181
13868
5019
8041
17307
9315
28002
5652
32735
2565
31600
1101
27724
7866
12700
32287
15885
12048
9745
3485
12603
14283
3920
18644
5889
19325
25460
1022
3838
30294
31930
29689
28650
5180
26432
21751
9085
19742
15373
26998
31116
11142
11602
25971
13942
366
10223
6618
24766
3925
11833
29762
4601
8594
20475
9943
20203
6119
25531
3223
10989
2905
25918
7618
14993
1599
7502
2187
6537
666
30394
16916
1989
8868
9375
9113
25052
22444
32230
26604
30893
27424
12814
7457
3142
7660
15147
24202
28165
20994
12591
27366
3580
29242
25193
27349
30618
3165
21835
31631
392
20860
6000
20950
13522
28807
32222
2345
12103
32539
14984
29499
1314
25754
27415
31651
26090
31617
1257
29653
2198
23798
16986
23377
8949
2721
30019
30746
28749
27325
25281
21354
2883
19055
3128
28324
7930
23126
2455
17546
13183
22883
22749
27312
6501
25067
18140
26416
14508
3322
21820
3744
18152
24555
16836
32321
10398
14389
4821
1657
498
10632
19767
6532
14975
537
14105
4710
30855
26938
19538
26660
22348
19501
18413
8499
23741
3386
26341
6961
29269
10495
18477
31443
25921
17928
3571
22559
12737
25247
9254
31451
7632
5349
20534
15173
26375
4386
28187
23300
1983
27226
32408
27231
22390
16673
27329
3501
2676
21679
8379
14092
21677
10807
28099
10326
13290
15989
14705
20817
9508
30087
1598
24102
18736
15613
23365
2581
15522
5171
31558
2662
9963
28383
3312
9635
17604
9702
6240
19204
29136
27252
32229
15915
30076
28491
18950
11025
5931
15451
2758
13889
15760
24723
2598
23876
7514
30200
4588
15196
15127
11252
7331
1653
17490
19440
6115
22616
1023
27685
7122
6178
30234
17582
15339
6132
16010
23266
21758
15085
1867
30434
31864
14165
2508
5998
29925
18715
18326
22525
19379
26754
13871
32012
1081
22807
25150
6838
29688
9446
19951
2437
13344
22509
3737
7560
19542
4049
28063
21413
31412
13264
4244
26929
15633
26871
27810
4542
32643
5781
2348
16180
5155
3823
21938
12324
22544
12341
5877
14424
10679
4533
12124
30639
5201
4431
18071
29480
21676
21801
5250
17468
6959
5540
21324
21105
12057
17294
7384
19244
22281
24217
14179
19398
10947
4107
5480
29155
12849
23992
3264
17919
30120
2349
2318
13386
25453
28463
15706
1974
11896
31588
6396
6990
2679
1103
956
13769
26902
9090
9527
17247
7294
24078
15237
25051
795
12607
17688
29426
8355
22406
487
10451
18516
22967
4044
16639
15485
16500
9771
24923
26431
31209
13525
19331
4245
18363
27180
23138
13714
18746
25735
32256
25834
30174
4824
10650
17588
7153
2188
26616
9582
14217
18610
2555
17986
13753
19552
9078
11911
30728
18514
19006
16523
11298
30165
19333
27024
19406
25315
19299
4884
22816
3472
694
14678
10992
20133
3884
19221
23947
22410
2462
13979
15271
18281
22176
18426
13213
7056
25942
15510
11474
32535
20617
12259
20854
15811
5625
17776
8306
24107
22517
13349
23451
10009
23850
5833
9772
5171
17081
9670
26483
32219
5260
15921
17866
30803
16361
23045
19913
11813
5191
23983
6586
14786
18017
24272
3405
17001
10634
18494
31118
24650
4928
32588
15635
3052
7427
28235
13434
7372
14440
6224
3859
6983
18793
6712
23513
27065
15103
15594
25255
2279
16883
31964
7592
31642
16880
10969
26384
3469
2270
2561
12041
393
21611
3857
19952
27343
21994
9444
18114
13750
10337
6714
3537
9109
27869
7353
10172
15843
265
25905
13469
1181
1023
31012
15236
23528
7518
9606
18981
31992
15005
5825
15565
28208
13983
12796
17051
18059
8071
5021
29164
16442
3789
22284
279
24207
18322
3002
30555
11033
3888
31587
27157
19985
29718
9616
6710
1524
30419
5215
1525
17010
18800
28294
17089
26247
6403
27286
13178
30184
5505
1917
28384
12704
11220
11855
27212
26619
9773
8518
15518
31651
9884
23559
3446
26121
12254
18726
1191
14598
12406
28909
19944
25539
17407
1369
1229
16086
7872
28518
7414
9133
22401
16780
6791
4912
925
13194
11991
12194
22873
2914
3437
3528
19572
6053
3368
8526
22783
7920
27069
18534
28783
26807
14695
15026
15601
17217
27353
24420
12029
10996
24440
20132
2350
30419
30151
562
24145
11845
6178
31052
13756
27672
9136
21458
18913
29381
15251
10408
5410
22006
23649
7004
8423
23877
17368
29960
19182
1095
205
17530
29923
15305
16230
18835
21041
20569
9609
12269
18455
6665
21396
23744
5118
22895
23887
21511
11274
26096
20255
30942
3567
4415
4988
11567
28678
25632
19620
5261
2208
6258
30353
32352
24474
29804
25897
15171
24113
27431
29366
25002
4376
9820
29333
17864
20680
23920
15410
10416
17432
7597
25140
25274
28941
26579
27124
3368
20467
18127
5940
28425
5292
17354
8206
12638
8777
23397
23850
7804
23767
22595
18996
28849
19835
14025
27277
29738
19650
30241
26177
20
10034
31365
29498
2818
28709
25786
24243
24207
30423
730
19183
11844
4541
15959
29994
5564
13336
11069
6096
16901
459
7351
15597
19018
21865
25301
5348
31663
27795
5516
9573
7293
11905
4351
25753
27263
16606
1788
5279
22700
24281
18890
29500
20485
9849
13346
4558
30657
20528
21115
27010
18600
1204
12683
32711
28605
17674
30218
12035
17439
6371
8633
26500
21553
30508
10659
31929
19961
7393
16802
21154
18118
17954
294
32645
9750
32136
17714
13795
14262
30137
29607
2730
10539
8506
965
27564
30289
31877
28655
23120
2370
15964
29870
16007
4473
25180
16633
26114
22072
16853
31668
931
2086
11993
17014
17201
22077
17811
1423
17743
18915
26586
25930
6063
11863
5894
29807
32131
1871
8195
1036
7220
23264
19876
23669
24663
21149
5433
1930
11997
30723
29027
4152
13961
4117
24359
23363
30120
23107
12610
32066
18428
13968
11708
12779
4345
30452
10688
22672
22068
24575
6059
6634
24088
7360
15203
6934
9946
10725
30954
25053
18864
31779
28979
20024
7742
26073
24884
19731
12881
32752
30524
10322
27088
6661
4743
6162
23280
30154
8464
31025
15014
20905
4006
19728
28002
1707
66
26263
4090
15769
15000
26746
3300
32609
2796
30907
4521
9402
807
19825
30870
26891
21034
30407
31413
9353
9570
2631
15868
29088
18588
4953
5059
16789
30747
27910
31612
9321
6376
26882
15774
18432
19306
26602
13026
29315
3126
18122
2994
31746
22312
17890
11230
2910
179
19626
28306
6758
14709
12051
26245
1344
28687
22544
28274
10507
1331
32085
7628
21954
1535
16478
30126
5987
24713
24756
23057
6737
18107
25452
11073
12023
13153
21488
5010
12463
17792
514
23886
21474
26089
24829
25843
8048
27407
27742
31643
5458
12054
13700
19900
20094
19500
32436
8721
3594
29468
1888
1240
3989
4128
28073
13118
5347
12791
18722
23320
30407
26424
25303
723
15686
1510
11918
11694
761
4420
26956
4134
10163
12779
283
26802
5732
29721
10763
20657
8765
16460
17527
6561
16149
16912
30857
2705
6412
12565
11008
4569
20334
12420
12081
16136
22234
14483
23116
6430
18083
15960
23521
9468
5494
3546
32675
12312
2365
2670
15467
13173
24132
18753
13440
25299
27034
14897
2837
15395
15035
21217
13075
11069
107
28684
6937
5589
13541
24857
23233
25515
21813
20976
17702
22275
10211
1805
1187
18773
22225
8146
9181
8261
24678
21282
10243
3797
9196
23083
8276
30426
3383
32131
20194
32429
9096
30839
20118
12066
32689
9888
23157
11710
28025
12215
6689
26404
15425
9641
6051
15825
744
18670
16999
4361
23277
26391
9096
12305
22227
1959
10063
3487
14282
23332
8182
18319
9867
8302
26033
22231
29572
29775
14319
31677
8757
16210
17372
14920
17370
13785
29739
31476
25930
7786
28180
9129
5151
21066
24472
15598
16151
11341
780
30555
30138
23020
31701
9548
19261
17048
28785
31965
24743
31054
1463
13842
23090
27756
8031
22869
17396
18371
2500
21030
10686
15597
28905
6670
26181
9696
18618
4052
28031
13764
2709
20212
5712
11266
27657
6989
10086
15774
29406
13594
11106
10438
2645
10531
20536
9899
32176
28981
21976
12175
31733
30927
20494
17695
2288
23070
16294
14084
32631
26411
18133
5557
2290
21332
31956
18319
11802
4345
9422
29735
25856
14199
19452
14815
16465
1370
4879
25015
9177
21198
9934
1382
8775
2135
11264
23466
26672
28098
8844
7900
22614
25948
991
16839
15657
26465
8334
26298
13198
20919
316
19676
13024
24540
20159
10176
22068
24350
1406
5433
19170
29450
30749
9584
2113
32294
25949
10547
13489
739
9533
14992
23519
4301
12646
13219
23108
4613
3269
1964
8687
3313
20090
12900
15493
11826
21489
12690
11910
11990
24142
15577
8145
27343
7951
12244
28011
15268
30700
23141
2172
27495
29186
11081
18074
21479
12337
26864
1866
32294
24771
27788
21188
22030
29262
4969
22007
18015
4059
23164
24525
20716
10311
22590
17328
30471
1258
2235
17741
1594
13175
8165
29080
7480
18211
22063
2320
32018
13578
25431
24388
31406
20430
7043
21398
9334
9857
25232
18239
28749
19141
27047
13459
1479
16945
27409
19334
30873
9975
22604
14192
1870
15300
11870
29197
12860
30440
25705
18376
16055
18615
10368
28985
31364
8495
24249
26092
21392
30939
5763
19556
6114
24822
27194
11103
29135
24276
31993
16476
29805
5758
2736
8027
19530
2205
15990
32740
26717
26521
17184
23370
12092
18433
16914
16433
5264
12334
17493
32590
8902
19235
10730
5486
19720
17080
11102
30394
7532
1272
6559
7993
4971
30919
20494
3222
18068
26056
3285
1316
8577
4989
9083
20511
18699
25520
15798
17205
954
27666
7808
18756
13695
21283
7020
18022
17318
29777
16443
32043
29958
3940
20650
22821
8827
1817
7311
17066
19350
29453
23076
24533
25490
2269
31395
26318
27274
8332
11539
25931
9962
22565
865
8535
4900
6817
28082
30547
21412
3594
32760
22842
18693
11489
13763
21289
4741
3774
10331
14622
5302
9270
27403
25087
22647
27137
447
5087
22051
22364
9682
1406
264
2989
19745
6414
10011
32614
10084
13373
30953
15403
1470
22895
19921
24631
24722
26187
30833
28924
28569
7034
16222
16649
2097
20907
19992
27953
13816
32731
12861
13546
16794
30419
14588
12787
6631
30194
16589
13114
21289
32044
21343
16124
12468
83
7122
46
27838
24469
3367
8988
12913
18759
19701
25936
32319
26849
13917
23733
22646
1865
2367
14844
7700
84
6574
2623
19420
12682
5026
15332
32681
17961
9965
27333
9219
1133
12145
14221
31216
15
11663
11877
29964
22027
8931
209
7644
21927
10030
5844
28256
15025
18835
15195
23783
23816
4615
26585
2343
31070
14083
29486
16269
30523
23419
10189
18130
20549
26900
1310
11215
31936
23186
12321
32658
2385
2703
22357
15281
14855
23155
3544
16606
24219
17824
25039
9148
15351
13549
12808
15346
12022
9814
1758
10621
27755
31986
29277
17482
612
3365
15271
10756
32432
14614
22934
24107
24222
12643
163
12390
11272
11796
18439
23834
27536
13262
10784
7227
16426
14665
25621
4706
26587
16644
30909
22560
30144
15160
23229
2963
27985
17418
497
8246
8935
4612
28686
24829
1404
10438
26757
22690
13746
9209
24490
5177
3607
11909
25877
29707
168
31236
3400
32417
28052
19062
7827
27167
22338
27190
1333
20436
6036
6701
21188
15886
31342
21061
19663
7219
24946
26144
20161
5389
21774
25099
776
31590
9913
13357
14199
23765
2169
30212
20713
14039
15785
27155
8744
545
18681
468
10765
2101
15286
32756
31976
14132
2636
2751
23841
26611
2569
17114
18208
19024
31779
12848
29803
27591
18941
10030
6670
3136
22182
20531
26176
13611
2466
11074
323
18127
30446
7675
5516
28639
18494
18889
8996
17231
19337
28764
8782
24677
19143
31834
14698
24851
4346
593
2585
644
16491
19953
22946
15349
24118
20344
6293
14278
14088
32109
3502
25297
296
32401
10235
1530
24500
12307
15425
7687
11054
23555
12701
26035
9015
13321
24935
17917
28057
25687
11867
8390
1675
21212
5883
10651
1585
24250
18223
16592
24419
13307
27951
1230
31663
1919
21922
3501
22689
20281
4872
1798
2625
19100
13397
7170
18142
28495
20190
27063
24586
3624
24441
27573
19686
17496
18144
5851
10656
3299
25943
5744
20537
1620
6543
24431
28300
16558
9929
3617
15756
10149
17982
16881
15821
23822
26559
27517
7494
6037
26009
16617
10837
22958
12219
19576
30723
5326
12827
18781
6026
3290
31317
17102
2836
4064
24725
10587
21958
22021
14264
21118
19709
7614
18606
5747
3799
22595
7459
73
16886
31297
23902
17466
640
17615
17769
28728
8298
6820
30066
2760
4855
13703
8561
5139
17787
20486
25611
7482
8549
5995
14518
27115
31100
31212
24863
20530
14953
9506
14793
19089
1142
18621
16886
28754
4757
29045
23242
18460
4772
4164
430
10437
21231
466
2547
7271
26871
10801
6583
31158
13682
30922
28173
10128
27026
26775
10840
16086
29066
20627
14072
32379
26703
6255
29481
17882
30875
9607
15911
2381
20280
5140
7063
29947
635
4259
30498
12785
4879
26054
19299
373
27123
4617
12291
8854
30662
31271
4898
13832
22851
2942
8697
5167
9480
25281
9406
18810
18075
19181
20936
11506
2734
10366
23540
17683
16546
9442
16455
28378
5451
11822
5845
31519
2803
7952
27361
13861
12961
8964
24133
3440
2715
10955
7189
18390
9769
1306
24191
985
668
28559
3061
28724
11663
13288
12175
29364
8301
9591
20650
12617
30003
4817
28118
12637
22647
32711
7919
356
23722
15255
8841
8373
4762
10083
23185
6552
2874
16609
31794
416
9894
17749
30454
21563
21602
188
22318
23431
10466
7498
10131
7015
27728
1815
5677
29399
1673
14358
24692
26492
27753
70
19126
20351
29256
7724
9912
19868
10180
15232
11680
21366
8385
8743
12562
7726
20399
15713
26522
24883
21772
15172
22602
4956
26665
25193
10660
4660
15664
28645
22458
3989
3174
4474
5523
32120
7854
20495
24017
27659
847
32350
30353
3588
21238
32749
27795
22325
9215
31807
18843
26977
5104
21067
2582
17231
2630
24621
5633
26140
6261
29468
16647
25813
6954
29596
5609
4678
211
8692
28963
16652
22881
30435
11981
18930
4940
31887
28607
19578
2520
13246
14840
23993
18584
22856
30785
6504
10288
8141
7437
18745
10334
12707
27812
5735
11068
3858
12928
31121
30143
7364
26103
23752
6532
30327
539
9191
11212
23029
5343
3874
28101
15942
18811
11234
18955
27428
29201
18385
19310
9391
21648
6704
28918
16226
16089
6001
804
12358
9760
8962
20091
28005
21909
4967
26431
12930
28740
15499
23165
32263
19002
29784
28747
23103
23786
17797
25425
18117
23247
17583
12680
22077
9810
15276
27202
21569
12269
7964
7531
1950
32657
576
20494
25793
27973
32016
6682
17516
19729
14471
20839
29358
4634
5442
26100
10769
11534
8265
21363
20245
10690
18989
19463
32733
20506
5203
76
19497
19498
10383
10392
10628
8602
3828
13184
30655
28239
30187
15774
10653
16455
16515
13970
26064
709
20232
22343
13348
18095
13783
19832
2811
27188
22128
16498
20729
25521
3789
4891
9984
13270
29427
1843
3679
17157
17606
9690
16198
11770
7713
4434
17278
17841
294
9223
10582
18052
17107
204
25313
2709
982
30824
9566
15211
11171
26705
23800
18144
6595
30391
2224
6970
367
20420
4759
28312
9053
18467
30784
5520
23002
2239
22389
11542
11033
10189
13097
7071
21963
21260
1198
11655
3055
28491
27944
20656
20460
20781
6978
13165
10205
29481
14623
19102
6956
19668
30356
796
11874
12131
916
8791
20797
19307
3819
6717
29444
17388
7471
21598
12567
29326
19444
14414
21450
16682
